RDA3
A
3
262144
197888
5
UTF-8
1026
1
262153
17
wiener.holder_0.1
14
1000
1.640884337660345
1.710522851545302
1.540365383382607
1.633228681034082
1.451199053655615
2.326185667586745
2.332480907196519
1.74050380325875
2.152606287940755
1.426773929930443
1.766783469240731
1.395587469823456
1.793386066203525
1.161923835690932
1.985545149301307
1.262480137103789
1.695210594773421
1.800175396892894
2.157942630295408
1.477582937290548
1.684838516796561
1.914334769724357
2.034577453398155
1.46643681672157
1.73551378495155
1.656172881029863
1.180872642098457
1.685042926435409
1.874307263270331
1.34366130954599
1.348906743976036
1.629227535364161
2.074710534637657
1.706866329693387
1.50804022811657
1.909944133958924
2.055908674834297
2.024581101496389
1.521698670011385
1.83135161490141
1.493980317475688
1.676701191635612
1.433914210993245
1.2601386576179
1.748866209742409
1.837884555680228
1.587557789394521
2.181549364676794
1.573967507305297
1.641222439704421
1.331208787707693
1.328428128302439
1.246118841479055
1.947451191397634
2.057728471892585
1.342749903474551
1.38981995074888
1.629513980037518
1.832668922116224
1.505586318587618
1.789393241892205
2.077955205850498
1.783977191922263
1.652561055603319
1.695334945223617
1.17040954762868
1.406899351739296
1.640901805674569
1.886221344752661
1.404741842064036
1.412046492497034
1.580837776640408
1.258605379488563
1.844625935639597
1.360039919589795
1.561318318752396
1.217386994270726
2.235336584362702
2.152495731063434
1.311766332323243
1.833630332061495
1.231782770630463
1.618646004754976
1.394649526502069
1.477246320286258
1.480982322097221
1.282042615309465
1.076660881488012
1.546046194401535
1.449508753876248
1.561644388455533
1.49280969538973
1.738419890111988
1.502921317691811
1.887400054573201
1.836207997157723
1.657937709024136
1.616734848801007
1.722670705622924
2.170780062702681
1.445664781069265
1.484148249664126
1.571689684169567
1.798997470268794
1.735964844711695
3.469541246363955
2.623827695109631
1.82738997854364
1.900189470633599
1.680897260316739
1.982039600246859
1.433600688492078
1.749423323983698
1.307467256967215
1.405399728569088
1.60353183558897
1.365643692877668
1.929485090667119
1.572735801473095
1.479267191657349
1.372389855272056
1.839531323539459
1.457960483583914
1.519933306088215
1.261581911709309
2.203134895003446
1.726754079235924
1.628437317975726
2.166665474469463
1.325094473927857
1.496663219307692
1.486568672806891
1.532266870491372
1.785973273565337
1.159647389423053
1.514100567651985
1.364582025359474
1.590339835623881
1.258748386931466
1.419826897104549
1.708008073723353
1.166355624453625
1.660955656721749
1.635025385308156
1.452069044553274
1.688421020400624
1.219680271956373
2.541231465096898
1.412726476809782
1.919437244205203
2.709102555332281
1.229340306608991
1.44930487788149
1.465526036755537
1.182112285766598
1.738819918675698
1.422775986437634
1.318988304849872
1.204253062898057
1.436844787899859
1.491999760571048
1.137067071887697
1.512693313062365
1.221235167724175
1.917973116023248
2.16363499850606
1.401340855644694
1.939843664846852
1.452360434513789
1.2834407106548
1.319493012341892
1.587865133049827
1.729809765147463
1.462775734117897
1.818052294245393
1.531929397676733
1.934993752947197
1.540042494874946
1.61443285975299
2.121526473474297
1.421470378506607
1.463499182992465
2.060185879893632
1.381662818610429
1.600301151296246
1.713638567045864
1.906737140877491
1.671877342613724
1.725591782803027
1.816203869121935
1.751774861509409
1.329451353579961
1.964753353444577
1.586619206268588
1.352560769259029
1.577911055785182
1.378843729741338
1.50933831510569
2.128745302480372
1.387348605709537
1.936851241045914
1.833166062688837
1.604434124393964
1.341618838628504
1.803292173308392
1.69152690805169
1.306543332461143
1.438759177742252
1.573126852853856
1.172088180664053
2.382270015570993
1.427888099341359
1.655744001996438
1.524283793046919
1.795673921698085
1.444386285696603
1.235913026742229
1.678792057197101
1.689658323299557
1.515337052865181
2.728435049839357
2.157967276749323
1.910827092121038
1.445641923082494
1.261699624449161
1.670116718551992
1.268635116041362
1.615355066743941
2.235408120096503
1.989815192723313
1.333564445546705
1.161775485537449
1.599752818375399
1.881687261349837
1.263845386931049
1.865360356131827
1.467950919779119
1.495531715077542
1.708184728434222
1.25674474658714
1.616687135514072
1.540946667817314
1.425119973090034
1.485426307442995
1.292596476499322
1.793266795687928
1.892885033933914
2.318696094696854
1.449285461853843
1.853273191666399
1.187054662593135
1.312089527063111
1.503798569037341
1.715841682170159
2.104777683000847
1.976154458922452
1.519615662666626
2.51415588244491
1.427949666052144
1.405116958270048
2.014240932919039
1.639564856489099
1.642935296627632
1.511993595281839
1.790476016664164
1.650792355528318
1.446697110773057
1.731404476695452
1.210091396827249
1.691930591594578
2.080019009150968
1.426599905420337
1.346951714270811
2.050478926049123
1.502323780073683
1.528407108598049
1.669032348987314
1.523888168850331
1.577438866886976
1.609530371584388
1.671643784724644
1.613287129178876
1.51596253181152
1.782153329787295
2.182470304104138
1.635493486545286
2.165930277422812
1.623604137342541
1.397525552281728
1.327961624272566
1.598437757060935
1.409976757714543
1.373442624380806
1.439953472733465
2.02857345401873
1.5966537173891
2.291532144469683
1.167314955921941
1.486304901277711
1.591875453519153
1.728676556404182
1.546922518006731
1.425845353727127
1.380090854674889
2.004092366717917
1.425336913146544
1.800359148329874
1.734550970920701
1.234115598642697
1.603228578812075
1.435200593043273
1.718654099514049
1.613299990296666
1.727857395395026
1.742793248159994
1.497296859978503
1.65437079897677
1.542324330163997
1.476894889049326
1.398522432475436
1.6880685715951
1.601190061204699
1.897771138165825
1.38794719555503
1.94266252589008
1.115879426126071
1.778051536733249
1.478025178002124
1.598933725363336
1.354815873101781
1.606458723213364
1.342521370683682
1.715549354055992
1.516390234520484
1.99731093848767
1.784693521858373
1.89213721999608
1.448062601278658
1.916643768423529
1.505988864476505
1.663806643991038
1.411294266539633
1.448170200369804
1.794298535266574
1.435391428561472
1.442035264475447
1.366956986233849
1.961287380270972
1.552200212032574
1.942334338392746
1.776772994065515
1.737534623448715
1.562192237544682
1.383287833624114
1.684426680416784
1.606715773068287
1.713292329673909
1.545630937487206
1.417714276301726
1.631554984388338
1.816756576017487
1.544828318328931
1.120373684174002
1.789092359890194
1.250799218352062
1.475196397297802
1.683199212118617
1.515999019652437
1.792010422509532
1.684892818238247
1.63025397324445
1.756280003134174
1.383872348633288
2.163415821033441
1.541629119075773
1.667031741712511
1.226261227611934
1.682598551050417
1.410542592854344
2.152727561733356
1.369366644449489
1.233173568839025
1.470470916401343
1.789176340003432
1.616885425211903
1.426346178133904
1.173928798556371
1.143161633916138
1.541258037708881
2.123685970025205
1.595220818310414
1.718004724763686
1.431695699950581
1.418358208929472
2.322741703404764
1.445426735111004
1.285488853366974
1.890629948357519
1.870271771474052
2.124880050104955
1.432520108766013
1.546948649113673
2.53935453334817
1.39018934509349
1.64602566581202
1.322194316039712
1.184165991889876
1.21345522829134
1.689617719961122
2.019007778103028
1.846283403580862
1.836016409715052
1.805340953101855
1.194724940782435
1.30047773874025
1.70684945436049
1.641994949986128
2.727684958508633
1.314540838314939
1.370780384277285
1.453527212277452
1.905228188722162
1.208718658252169
1.365716443649113
1.818742949566289
1.696010435949996
1.714327780675317
1.782527791349178
1.670799866108561
2.413639670423766
1.532138946922996
1.421107641028971
1.181937054736447
1.518290996530648
1.324272767984286
1.278008096017565
1.366217998153815
1.453440140307047
1.51665095306593
2.289679726979103
2.704617025401198
2.20313802784278
1.778430016539519
1.230795751698751
1.607600607468049
1.716054842028336
1.583731575268215
1.310195495391543
1.769752319806218
1.571133637514742
1.228532115385536
1.355272196095012
1.454069887325043
1.406587276015728
2.184220298446153
1.600234977777147
1.239567750059787
1.482199074624648
1.429070544357611
1.405091861265193
1.396833436117694
1.580932832162897
1.422204091033287
1.523043969278499
1.541397020305442
2.402433317671137
1.456665674476896
1.291400320914556
1.604999431536992
2.180405648282234
1.381740037671284
1.503980975564328
1.5794714898153
1.621722483019374
1.753249945130582
1.45873204800171
2.52455288169018
1.964433976619522
1.464798741732677
1.259785923865868
1.591702763652302
1.586559838504
1.62340625788688
1.659737774234023
1.670984073758671
1.159220185354619
1.481818722504836
1.509293754265923
1.914046315149571
1.438432783678928
1.433661665030456
1.552532909800126
1.916632008688865
1.575358206960138
1.855361888265056
1.581996083796663
1.807788127340028
1.281949178643181
1.765206453832669
1.778272115306184
1.175143328756482
1.490410734690469
1.711732060601841
1.369722301967942
2.607062526340381
1.457456729107513
1.668965283257806
1.685247644584928
2.155922902900896
1.230893122918534
1.579023011041369
1.714556107267234
1.853141154574431
1.330452156406165
1.508598064118766
1.623749702903149
2.103688927069669
2.361590984141055
2.339751923308604
1.369924252958685
1.60232519325112
1.289209213451966
1.449976774474828
1.617057853256027
1.530226398948237
1.499424220765051
1.953346937037068
2.048993826269801
1.520106764022712
1.450599700768974
2.067639755050704
2.121631790382569
1.476082762731471
1.928648593293528
2.52020368045781
1.417254736415105
1.83072249740083
1.450683371633128
1.59135177450463
1.392747190131282
1.691121003165208
1.700480937546025
1.537803050680226
2.087133537853529
1.32262071225867
1.470920454327943
1.520415559864084
1.571669102942501
1.572996626033933
1.457680249351734
1.302611882494783
1.493592282316727
1.401183884055499
1.445144115578042
2.035154610903922
1.381891067105178
2.068390774635025
1.843592412567647
1.500397921458194
1.518827721503071
1.480983738412078
1.381984941977485
1.392367938000697
1.590389226903304
1.310199738584594
1.417095074458773
1.656019331162146
1.82454370881249
1.748649130216227
1.598508593528226
1.70686136644518
1.284535542049357
1.548162199659871
1.831722254369488
1.397031025190749
1.340725722114814
1.714385605209947
1.604213248354343
1.932897021517654
1.66190831038
1.405791149929591
2.350358121267668
1.382980122664987
1.425946088718025
1.570566384261549
1.716579175021667
1.385997204983045
1.15081388623608
1.479675070120699
1.39271562430996
1.4715449199227
2.565337422184502
1.643282484536712
1.651031161026319
1.506872033931459
1.20592597521221
2.513901802872105
1.256058332379307
1.354913864446997
1.888601003877026
1.774414685138066
1.864677043328281
1.918368728370481
1.548220963897825
1.487439261532279
2.103451482647831
1.50123653764426
1.877013665155495
1.972036680518245
1.268303268841748
1.512222093245584
1.968596287957777
1.637070937979637
1.57047496521055
1.82902072396879
1.883528595921042
1.714618997736291
1.435064069472362
1.580170227669991
1.512261082825522
1.775552051024313
1.529914494399102
1.929727304166781
1.59046196828247
1.769130963308081
1.484076173013675
1.428923399123591
1.551031687206653
1.238598875795713
2.018313742321126
1.428532346310379
1.743915674895937
1.322282888256604
1.302319970767729
1.727614478796273
1.483822732364849
1.534634075738958
1.340155024920727
1.65312774698169
1.943009468720092
1.659882482415302
1.561464300693431
2.20743320792556
1.337090016609177
1.193642796996911
1.364488775658961
1.613363144894075
1.785567710440835
1.782836110880575
1.553748937650955
1.135843881361713
1.62350895412475
1.978866019670689
1.486188624856907
2.006703539165215
1.726957911105612
1.264538904252015
1.84884583922997
1.740313399516851
1.289943399983685
1.684876798964151
1.925791115385816
1.261159959151304
1.661983597155894
1.939134214851703
1.411097726945697
1.106227629052853
1.703825005634174
1.710490847729957
1.574356256883087
1.813422172411356
1.293467468083856
1.622127844006688
1.368474748408304
1.681019023196348
1.728724167770521
2.098399745952532
1.432868108358147
2.03312487226812
2.146647727808072
1.76083112232546
1.615745068836023
1.76843747529815
1.373915352357426
1.486635481966615
1.790967581614022
1.530039555103573
2.339611078873269
1.638023653155287
1.174171842988958
1.664509711930569
1.382286221453511
1.668600828269623
1.20888154481179
1.629492058695343
1.414881740192955
1.626146636308785
1.397111790675267
2.96976748652923
1.274739010865879
1.546701957308131
1.914376924269403
1.371965911258459
1.871273021433116
2.096166180818429
1.690300255193346
1.378884418761051
1.310353743495444
1.639646332561164
1.91579794963064
1.837998071783468
1.433126377495049
1.763616676713263
1.531872353213867
1.908853157231916
1.736720646420863
2.61560291983782
1.199668548350769
1.359711837781399
2.250081959497722
1.641239439114767
1.324465482234578
1.893906018793315
2.042402803113774
1.525469999227482
1.621609510044645
1.29857722719405
1.568477251816981
1.596441355660869
1.130888011031154
1.312034896015738
2.422538616613197
1.036390331020061
1.441167902278326
2.115647921835655
1.4658149857728
1.189854825254131
1.840663024213422
1.342979316899942
1.33898208894821
1.33589866833039
1.268372663478009
1.692956972892107
1.186985219732832
1.804134385176674
1.439458454672458
1.787036032498759
1.828578862662628
1.27627493515751
1.894436039763418
1.413614582410498
1.704849620588491
1.460894337663662
1.431306591543691
1.189246414772101
1.399878636874742
1.593605452528998
1.722185919597079
1.88070835323387
1.184671346922319
1.669116595184871
1.556258743238088
1.414617060442
1.588204553715062
1.384546932169578
1.848617641348803
1.715543292220111
1.620705639142225
1.394354522883666
1.728033247248081
1.574112428155775
1.755764846736308
1.710139781097142
1.783240945355877
1.162355630558485
3.332025695363043
1.629806644712878
1.76772822041652
1.439833367296188
1.307675913812053
1.621177629459593
1.550135536673774
1.282766327747605
1.335189739040934
1.521038850472818
1.831825419438179
1.295930333801378
2.147773274798898
1.321988826792745
1.897494389175498
1.835272885612697
1.414881883577422
1.204275016168649
2.079718587484774
2.205389648987746
1.488153874850997
1.474978835802529
1.76971111411173
1.486378085311275
1.311091153865427
1.249373565285767
1.80139648753674
1.95912439533107
1.547613156005238
1.62799939322706
1.155628577471269
1.407870771391033
1.493678813101306
1.706854130741872
1.692962160047071
1.296494045975442
1.609655246070648
1.530102066204381
1.277625043359549
1.413633660096194
2.121870361696951
1.443577707836783
1.595456225623481
1.329303302200591
1.647445782337718
2.104665962441311
1.331054044678667
1.265293573274364
1.571120875236086
1.906597290649416
1.688794280169194
1.296219299342196
1.324055262997784
1.804312709802004
1.716632020365911
1.363008408213016
1.416387225067018
2.053246278676851
1.842215532474801
2.002595383203186
1.451105558234093
1.542459512712454
1.611330576411867
1.403203453992955
1.181023122978556
1.67297467415709
1.403948309104977
1.392801851796026
2.026662982768855
1.370877036150079
1.815432687883223
1.855591240845237
1.708091292253631
1.448435472346429
1.228870294668664
1.552255051572464
1.552840576778571
1.843803321006712
1.184070440265427
1.555336218538977
1.964758473735753
1.61875348750778
1.474019560572474
1.516698110828979
1.394292729003767
1.820692392650009
1.648742023644868
1.59676916358107
1.673967222837303
1.689276582906697
1.245735478248262
1.431786229368642
1.476930758441785
1.486834614863574
1.42513628191686
1.508488671480945
1.366982576051111
1.356419297565256
1.736153542958138
1.574608374632717
1.858805565748183
1.272135981007279
1.223498614216441
1.336391597594163
1.730141953411836
1.430081010241532
1.91760598414126
1.761128685062658
1.803392941354952
1.538308652306934
1.704350399501399
1.32138199822566
1.19232240811274
1.760768310357065
2.09923748458833
1.801001925219638
1.625310249678252
1.496279627466801
1.414897906542317
1.509560383212302
1.239483966311944
1.832492240684025
2.008563819692979
1.423953309889368
1.455178952103034
2.002722737146842
1.565804598375968
1.334401868873197
1.64137303940152
1.798942868041862
1.196856010152644
1.518659501991721
2.179160707583162
1.169441983130733
2.327332229794637
1.486400708626832
2.777714700878979
1.621324286992172
1.188012285540003
1.849522755643504
1.873790523950332
1.3647811678842
2.723710978155295
2.056121234960292
2.164417783190206
2.012831689245774
1.855531491387829
1.899976928238794
1.471534418818224
1.641783468904823
1.669328684308498
1.207420358767207
1.906950170522207
1.53447267786388
1.496843731614827
1.686817259903254
1.06809657453957
1.490492897668713
1.451075948045482
1.299455747875413
1.422390600152735
1.342105969895364
1.847263983475734
1.763087826386989
1.443035811934904
1.800746886215415
1.764733865215059
1.599545178237102
1.80137783311117
1.450866923444107
2.005266669994434
1.628488362790095
1.424390279983641
2.611962649941539
1.286038098219743
1.806163061574443
1.298242817850288
1.966872757956384
2.057724512449894
1.501145337513141
1.971640358043824
1.489347028407304
1.348846847361075
1.364726367457514
2.023387967643244
1.380870760657084
1.989996779823612
1.41172389473716
2.120352133789312
2.341415670769393
1.463339700199433
2.342044289182461
1.620106035180396
1.124674429767634
2.178366036508052
1.832060767228247
2.101695230870752
1.454253546344496
1.394881002389165
1.484839936827736
1.543142070320917
1.293036928240715
1.191341534096842
1.558906959610005
1.915170691524681
1.47906452479868
1.543291700591306
1.511246403469644
1.332870709440243
1.427744574034765
1.688334802543779
1.249708415689824
1.495823423195013
1.394468642687741
2.229872584543855
1.695202265922052
1.531224981082009
1.642716688955211
2.000206151788776
1.922606240896441
1.85102442807013
1.224789222760783
1.16382121949984
1.617007332835758
1.761339367740367
1026
1
262153
18
wiener.holder_0.03
14
1000
2.449462784291666
1.512748500285624
1.776643191221276
2.320464097352227
1.780510084183143
1.50550869479266
1.527224906314478
1.598989149794746
1.672998609938705
1.685063995305863
1.766254207470782
1.557617070982213
1.432652243021573
1.559297923446287
1.524841996043507
2.009015667278033
1.634901549610817
1.801968195583871
2.306673141309341
2.499567135246887
1.519216211001266
2.057858323063139
1.788882955976265
1.624871931138123
1.740662458360517
1.679828574104397
1.425219757626288
1.505565953160509
2.751443623093224
1.694928833075396
1.349409010372611
1.719444552303871
2.668587787918306
1.834670848842389
2.290743218936882
1.511937338972475
2.242533017236402
2.012619797951013
2.113162968559349
1.423629302047055
1.649167182714017
1.792189707307587
1.740856353840034
1.261480073476201
1.829370863116751
1.317540252860901
1.334874071981365
2.019452029129063
2.538086012367983
2.193770353688269
1.888099162133881
1.476581435324886
2.750977899599138
2.329459861049735
1.624907052460481
1.872539172802788
1.585589122084062
1.510427349705945
1.821893784506219
1.938178391745166
2.01917568333849
2.609365314004906
1.423128017477649
1.651525432225351
1.520594598145469
1.487263593390961
1.648750758736463
2.120749696233681
2.399768986567972
1.467283763435843
2.139967784536768
1.698443976299917
1.792720246574471
2.755008667792079
1.825691242603344
1.848081836910906
1.576935020953464
1.589751224374097
1.985160659656339
1.946384104818702
1.716560403006481
1.529571942469087
2.14380510447444
1.827196242720195
1.79305082473225
2.040185957509874
2.296404606471878
1.84232791488335
1.771641680824929
1.808100068075387
1.969388407395097
1.637862255147768
1.459035733591626
1.824166178269388
2.656796270459362
1.625880816337733
1.714767230833688
2.172298327996446
2.085638701284456
1.610603789829479
1.351350020835505
1.357998840199581
1.810819127199782
2.19267797545496
1.442716198898166
2.034835937873872
1.819284302439604
1.770887553749003
1.712393747439182
1.728457071077339
1.500246847749156
1.515898187282169
1.629031000736062
1.533570329043202
2.861698903481546
1.960936237217601
1.686889247817657
1.848133634208843
2.445260182482737
1.45742830291377
2.268361194024734
2.038487255309308
1.403854091680963
1.917051327945318
1.592916049651376
2.315887600278124
1.623374844719433
2.194533811783407
1.822076381476412
1.779327843652335
1.674547216359728
2.153703585520099
2.13734775918734
1.889341995749815
1.642018398865837
1.984036888159148
1.47920426671415
2.091115734164011
1.74058564506219
1.611151960664376
1.903115011539018
1.625508082240295
1.529250303436968
1.923172078546536
2.166267986250921
1.715674146826671
1.63069467658438
1.784875079666784
1.51725147163123
1.262067072650479
1.337893325624569
1.900972589171358
1.922571644622171
1.375896776655702
1.801352510670905
1.417615716044957
1.506329285802371
1.822938041359599
1.940899417806644
1.434560782384164
1.407985373200119
1.459660316325424
2.484127149746633
2.585685100808082
2.483470803589759
1.521056363133897
2.418181232646433
1.604952913350631
1.613312542291309
1.894529304290408
1.787416874117232
1.599819004493232
1.434804371402246
1.629848342418317
1.54666433790771
1.626245320565327
1.473326609275457
1.505151424343611
1.796674819796958
1.841659507560426
1.812201206222217
1.897632170187876
1.644398180878218
1.621060034339748
1.703013489009226
1.758761595301962
1.775485995525284
1.923583327172685
3.024645798789713
2.252662959587046
1.586344151175368
2.339817775790487
1.404004612634561
1.650425452801276
1.695280593241331
1.848140802812985
2.420908876396437
1.541200029568982
1.579632113964013
1.742444993576352
2.163882149854938
1.469396029853789
1.532621198009893
1.841544182791637
1.559543945444166
1.665147595583218
1.611386621157608
1.622446060771641
1.877562459114925
1.815757500274576
1.624948755800753
1.830090955429439
1.611345250580898
1.525096548138815
2.110528900841645
1.702557735528681
2.185447967965038
1.434022188758707
1.704369617849541
1.906192260697148
1.771358053578787
2.16792487998428
1.794492032674137
1.984127115431872
1.586921191629987
1.744220672785361
1.871896918804697
1.959405106230737
1.663143347885081
1.506014678526368
2.058570727137166
1.73941185757449
1.759177918452007
1.564723228453007
1.957877553051389
1.330679613248901
2.284712316865718
1.56021235626351
2.216738224264602
1.587981049842354
2.323090294015243
1.607112733953662
1.603015065426128
1.379336033741257
1.824955784761728
1.875563855795431
1.689415451227622
1.945440591852216
1.823545195874654
1.623959650373493
1.38080040260012
3.12732972931602
2.264701882951411
1.395724795085735
2.103008789952793
1.34213033959995
1.665567876799364
1.394883878177774
1.50915877554271
1.614569264478456
1.447917337584492
1.884404832964504
2.282907098018218
2.351323366587568
1.612789417320054
2.338863203155248
1.620000457315145
2.229191681780134
1.837820869122241
1.773920722551087
1.614615893806842
1.741300411054611
1.437507548215985
1.72947239468549
1.429406185475859
2.755188475294179
1.734995969452138
1.96022157862022
2.000873490091439
2.13427672992623
1.700850907987912
1.690381985203026
1.351137450230232
1.631958538228057
1.810970119348331
1.690578474145255
2.847781366196887
1.724188298691009
1.454781313371506
1.608153431308164
2.682319830991762
2.043180107664537
1.919684927952491
1.459426909919704
2.346446144931557
1.441541037730874
1.458410764692324
1.413037302553048
2.329821557689327
1.499605868219489
1.632040110773808
1.490782792065501
1.579556180867171
1.509674325546815
1.623608426471576
1.627368367252122
1.587411688063215
1.757372518574198
1.737779290155073
1.70850396708025
2.18908240693463
2.492266773972658
1.410208082118558
1.770280244283516
2.08042753402174
1.355766525080569
2.156000924706575
2.641442720973322
1.549469917237041
1.693766137645826
1.5816008454092
1.676582617714562
2.587950657923327
1.492013522671201
1.746311323152778
1.904889017281816
2.476595155264442
1.343247662358584
1.731531445803637
1.947610046344126
1.918698984953397
1.768547597397153
1.558375096270002
1.653913336063475
1.488600713416867
1.722667268368001
2.16110240738401
1.772431043692344
1.777912447213731
1.817078352908144
1.476204341414604
1.774496726511931
1.759240577038355
1.35213052126371
2.336234790505054
1.700004444309664
2.093591728267427
1.642227621015801
1.574398884323907
1.92614839591787
2.322542269463682
2.398687977065186
1.770466062664356
1.858875124556451
1.566686188836492
1.911870552007656
1.736841240870328
1.830725079462932
1.508186027375845
1.483629356563449
2.085058180824047
1.878957828917833
1.991559781490094
2.344229619688463
2.465135924544715
1.471784635023981
1.685346999145795
1.679969726677382
2.193197452382378
1.622379132944496
1.576115981787867
2.145540580145569
1.791237312546921
1.614062736904357
2.076434905355139
1.554483437640142
1.729695313049761
1.928881823496191
1.848655411056971
1.586487233426732
1.761539977164034
1.551706637500448
1.840587078508734
1.38218797514712
1.643449268528862
2.675945208584497
1.843644265220824
1.70215118063809
1.746168499773266
2.352348883260004
1.504840975601187
1.774064495140044
1.714672275843523
2.449411895527823
1.853022371404068
1.449627835492723
1.978112041094363
1.816866974181934
1.501509545470745
1.383920694630671
1.554412815344076
1.40886285206577
1.917024560556377
1.964958255223569
1.736075139253731
1.671700279554682
1.755159027546424
1.664944111941141
1.513846062560059
1.386611310941205
2.519000154016736
1.3811802664026
1.692123990343654
1.744106108444957
1.572098126422486
1.951562342607005
1.401253240297761
2.143628820926222
2.893463354797758
1.613565406356507
1.499785277738823
1.785520010886707
1.670805676901488
1.605005069866575
2.243454559954997
1.461218955925312
2.334318121411402
2.002274724986708
1.745172450902619
1.821000913765715
1.886870537893927
1.438037904677629
1.938012987163545
1.33281728708964
1.57694578385081
2.005249324951317
1.544456068485387
2.295733288905425
1.678288279943915
1.688439328287903
1.490760326135312
1.691497529657187
1.83937032731726
1.752053847999613
1.398051797880247
1.79851145357091
1.546107643561345
1.474230931417813
1.558591501732352
1.454798471512739
1.50255793108659
2.051113178633691
1.646376272836605
1.279510336158567
1.841344791058674
1.587271614229815
2.015398605034443
1.414551060562061
1.670025206181663
1.352312169143126
1.652611566452047
2.022648697409867
1.595511148358517
1.882968568860599
1.605763949328759
1.769261448937047
1.4502393750283
1.782047813776022
2.219644289257143
2.526646364008035
1.974772344816514
1.641540243709023
2.003529930257276
1.806621548227926
1.72189578420209
1.976005496442176
1.323687019838026
1.548886868502495
1.402775191389806
1.789953345602154
1.864618944076472
1.393855563248549
1.775758786718503
2.200399549747567
1.515691070450874
1.546355706234746
2.098481895256611
1.59516528466803
1.622475745980988
1.548620774643595
1.561151315918801
1.67328657481152
1.513308439773489
1.338272175749477
1.790931107015873
2.009886221465574
1.648902047119936
1.920340202415205
1.451483758654525
1.476593886727134
1.909695465950088
1.561757070883039
1.679143863677005
1.693860386023695
2.556060823606829
1.970943755295234
1.571259350311303
1.637864466509898
1.370344930555304
1.851019089905556
1.915078989488325
1.335175395657262
1.903451943232696
1.685435203841384
1.772792715462515
2.209040668144516
1.883962932206727
1.908027208129322
1.37406476661824
1.998396061437527
2.129345236296001
2.945334564692512
2.470165666256458
1.465663445111546
2.325263692718624
1.382531593147684
1.677221425871924
1.865437279730911
1.418391209589744
1.841567865575999
2.128383275797358
1.542312593865423
1.845137372443282
2.035924715370494
1.784121900288071
1.485504941472349
1.835830776020567
2.038648494387077
1.736079398598407
1.68842936082263
1.860602314376858
1.608903875141897
1.887349601436325
2.004571611714985
1.432109163947773
1.455828468793484
1.912843943226305
1.847469892616223
1.656878378427162
1.56227092718663
1.611316046817612
1.993973501838022
2.355907202720844
1.411301723023388
2.114256220058873
2.753843462063547
1.493613895628149
2.021615131756455
1.500115180997876
1.783866582635797
1.959828372445888
1.814878016722784
1.932587779796471
2.201354575751129
2.305881123322137
1.817016124904713
2.502862871547036
1.824619346957377
2.081662061980897
1.57283510708132
3.151889704330954
1.491003525139578
1.79921455791424
1.544438557137436
1.971787931779771
1.717120484023931
1.730080410018837
1.548768113133731
1.367053284936075
1.488213261433923
1.907610679680467
1.739378699682165
1.560237522014962
1.444273353987899
2.607226039000664
1.611742177804172
1.5806810467091
2.234898045599823
1.608430251783951
1.730007697832513
1.889481845453062
1.542974297951406
2.072996241890056
1.43649100915863
1.874284876142412
2.893276366651897
1.731360522818629
1.52359014084248
1.652628140691948
1.643397546160619
2.260451818785175
1.755372997466887
2.620616106153406
1.381516925806485
2.012492830378472
1.725326842139006
2.92672043702191
2.365232979471279
1.427234725460385
1.434862406506979
1.420390111119083
1.948503172585437
1.861705077270334
2.608613085829092
1.330073844562579
2.215690986095736
2.655046483994112
1.633420847169315
1.585007657352562
1.971294437152995
2.235348723229118
1.556731735962605
1.886749789242622
2.221070066451549
1.907586877696605
1.737672104025413
1.580093892418682
2.858183641387465
1.935292318538856
1.394713048809663
2.46138750626671
1.47380759635922
1.616185464854056
1.31720316446001
2.712416122877493
2.13208553433711
1.667309197593907
1.528205841374501
2.307608130839378
1.775717248302576
1.381337017438396
4.20537964215273
2.094579397979268
1.947817563370176
1.592478498767524
1.851704439759366
1.595523635889925
1.454456867125982
1.579199436363772
1.649233920895498
2.027057569960141
1.866058447669318
2.711944584814759
2.338062297587256
1.554722896021551
1.65356699628825
1.793524261309
1.6911954584696
1.441892183224994
1.692218089280405
1.676607428604309
1.553957051552714
2.150370889558008
2.602165463005403
1.719491635750874
1.392420408037989
2.002570892546061
1.987316181599826
2.564742898814289
1.30560227098166
1.423958550337971
1.812030066144019
1.281945212507475
1.738821668687476
1.660595676335678
1.501818989626414
1.650771088568837
1.653446170142473
1.381630741562617
2.038250759156133
1.637308186624971
1.942330054174968
1.547589547705138
1.652752204387008
1.559768809553969
1.847866274880854
1.424866437557965
2.021100260364522
1.407896828088571
1.789084713191514
1.634085868423045
2.093431310356121
3.442093838099921
1.783278461683387
2.831044562703546
1.492453733526378
2.270071990415286
1.385040155794145
1.942811645383152
1.24936513269596
1.702889671515046
1.854954095959586
1.797856289963853
1.969949584706634
1.613661850151807
1.823743172259232
1.812466871007878
1.44690011570234
2.010784014690591
2.164609495986323
1.778116783056221
1.500252791574853
1.247354443772219
1.482019316745145
1.571417826941777
1.594466984667822
2.227242657663052
1.520959132106375
1.532007577525629
1.741528737798461
1.990444199125554
1.875959716044535
1.636829750596079
2.21353869774775
1.899881073710522
2.489427669058486
1.699694983564682
1.515847551529608
2.160622006383715
1.82795834130437
1.41545922806562
1.781946089301597
2.024161258777646
1.401757465439944
1.291292823173078
2.055868959944023
1.501820068554254
1.541822155944643
1.470486388498674
2.391514946258118
1.584739493423647
1.772940666384305
2.101239255622243
2.179962307493452
1.724363585208085
1.566170558956948
1.592424817207196
1.627601405701968
1.540511215401677
1.722861337708872
1.970257075951686
1.627964380730018
1.685572424729821
1.964409073590805
1.895045851371975
2.108977547352912
1.661978587479741
1.739974608872732
1.630136386409011
1.726282827076697
2.07845660534493
1.915175859915986
1.653435895766839
2.484379536087749
1.665307687269884
1.616808689686027
1.887883056895103
1.585655663037162
1.687641017427278
1.574586572188508
1.516089667013762
1.435681649110152
1.939671071841184
1.869875663574718
1.86558997702303
1.509997138420226
1.509072869735508
1.623747762244674
1.942093037207442
2.158354146019095
1.68914755488113
1.456779581380371
1.572865696928089
1.519668737908845
1.476616081277979
2.952702577192464
1.677704130773925
1.79245194390742
1.864855048165329
1.794956508461018
2.367365788064586
2.376632937220319
1.804313584270177
2.308168355574133
1.948278247720124
2.441665123199041
1.731212994900836
2.012164130458058
1.454887850250498
1.665894857584478
1.585708282313121
1.839055717677472
1.528350511368239
1.45136439797556
1.867060025729173
2.282814481002188
1.819876491384931
1.577851259095666
1.693030306486872
1.885575571839869
1.999943130248862
1.995165913180082
2.529459169906099
2.061221496293247
1.91494637317998
1.451623838147134
1.88996745414798
2.120808717337044
1.288911574869838
1.836673118386052
1.631935392521509
1.52051898659044
1.598497363983042
1.465747296133128
1.949245241782393
1.484502735326551
1.774409165322198
1.79950855650328
1.673182029771083
2.376588948102532
1.728143050041511
1.934259889972884
2.521500768976442
1.564441767592931
1.71426838830947
1.770303210607461
1.350468171587087
1.7533776557923
1.605743196751446
1.558671207943014
1.513622668152913
1.902590807450541
1.82796811677044
1.594763586202326
1.88712683862027
1.71681134155633
1.798267391941059
3.082030942417013
1.53436254376672
1.926209842126448
1.977489829686263
1.645689486517905
1.639276559601622
1.771829625016029
1.594120071547792
2.614421791946632
1.489798462562565
1.917107717410336
2.078260138438085
1.690682142158312
2.043596658448034
2.136562560731436
1.471284211960422
1.840696825360748
1.736574221330142
1.32959315361757
2.223133438238892
1.455387485217182
1.790763714192892
1.358180510628952
1.926450334252116
1.964973807052319
1.842114812893431
2.318559558655904
2.028948500388096
2.007470942176912
2.026926633121107
3.043968275226033
1.652845595679961
1.660334710523305
2.04130457662913
2.131727623526149
1.598293109760468
2.158615331262119
2.106900674755348
2.253883982418705
1.499298524191413
1.419228155909991
2.173851030004104
2.182796977779701
1.343851201351487
1.747809740033303
1.463472703800561
1.826397303836178
1.787894052447881
1.642478431258491
2.281611899905975
1.738937851561374
1.656383883143158
1.578796741426442
2.365213818966883
1.233106017018248
2.104502836363261
1.550059225080607
1.678221382030761
1.850829195487965
1.742427643570266
1.411229943475548
1.796341290788257
1.994858141286787
2.137926266401487
2.119408763233204
1.518840436813447
2.881668536495147
1.661172845318766
1.372557414497906
1.974225646846067
2.100752414731132
2.663021653323125
1.766543269938079
1.721600988569409
1.741889182126847
2.548103167076285
2.162858203202383
1.856172488407477
1.722876927436227
1.557394722831382
1.328668561187343
1.685224897738865
1.497712930658481
1.807210529065789
1.820271042099167
1.923255145374791
2.308442130090087
2.034567325410499
1.743432371777108
1.369019625185641
2.085917280955638
1.425488930517447
1.629836145110159
1.59570372362294
1.718910884678869
1.565806988346234
3.253339757029879
1.927343691438994
1.631455975800406
1.72454449394153
1.491054919318733
1.513436586034973
1.598419126565285
2.046899135443741
2.199632480433169
1.418080516662583
1.39155358659221
2.174949356520103
1.870284257816482
1.545434159837568
1.869665875487954
1.521986378529504
1.661467127301673
1.506141166758794
1.804014258033031
2.111982381240743
1.562950246044531
1.635094730854871
2.392435791000538
1.346573921360584
1.756331409502225
1.462681425731628
2.05995556281437
3.140902905755738
1.761441843439785
1.560784942802817
1.62542811095676
1.869567932354945
1.492550524127054
1.850327995269512
1.606859449766095
1.633090388164087
1.543126461748912
1.646866600217836
1.549474597302319
1.694897118638885
1.701556148012009
1.72426667513463
2.352018885077397
2.042028228388281
1.862930029269295
2.418491253994099
1.756753382163473
3.103364831143016
1.597638703878663
2.109468398487365
1.865084723758516
1.453178324366266
1.673940794388405
1.813467552169399
1.72987575442683
1.800276899482205
1.716582670879269
254
